Character_1.png
size:1024,1024
filter:Linear,Linear
scale:0.3
1
bounds:2,716,450,306
10
bounds:327,388,115,326
11
bounds:198,241,127,473
12
bounds:240,25,161,177
13
bounds:176,181,41,21
14
bounds:54,4,51,14
15
bounds:332,209,47,35
17
bounds:332,209,47,35
16
bounds:176,204,50,35
18
bounds:327,246,49,35
19
bounds:228,204,50,35
2
bounds:2,20,131,232
20
bounds:280,204,50,35
21
bounds:135,176,39,76
22
bounds:378,252,53,29
23
bounds:2,2,50,16
24
bounds:327,283,111,103
25
bounds:555,351,109,177
3
bounds:403,42,105,208
4
bounds:440,302,113,84
5
bounds:135,21,103,153
6
bounds:510,9,301,291
7
bounds:665,838,63,184
8
bounds:2,254,194,460
9
bounds:454,530,209,492
