Effect_Fire_01.png
size:1864,1900
filter:Linear,Linear
scale:0.5
01
bounds:2,1424,264,472
02
bounds:2,950,264,472
03
bounds:268,1424,264,472
04
bounds:2,476,264,472
05
bounds:268,950,264,472
06
bounds:534,1424,264,472
07
bounds:2,2,264,472
08
bounds:268,476,264,472
09
bounds:534,950,264,472
11
bounds:800,1424,264,472
12
bounds:268,2,264,472
13
bounds:534,476,264,472
14
bounds:800,950,264,472
16
bounds:1066,1424,264,472
17
bounds:534,2,264,472
18
bounds:800,476,264,472
19
bounds:1066,950,264,472
21
bounds:1332,1424,264,472
22
bounds:800,2,264,472
23
bounds:1066,476,264,472
24
bounds:1332,950,264,472
25
bounds:1598,1424,264,472
26
bounds:1066,2,264,472
27
bounds:1332,476,264,472
28
bounds:1598,950,264,472
29
bounds:1332,2,264,472
30
bounds:1598,476,264,472
31
bounds:1598,2,264,472
